fpr,tpr,threshold
0.0,0.0,1.9911516919406969
0.0,0.000984251968503937,0.9911516919406969
0.0,0.003937007874015748,0.9836096949522366
0.0016155088852988692,0.003937007874015748,0.9813526530247153
0.0016155088852988692,0.004921259842519685,0.97995360002768
0.006462035541195477,0.004921259842519685,0.9759108661596845
0.006462035541195477,0.006889763779527559,0.9751894351220088
0.008077544426494346,0.006889763779527559,0.9724172072627326
0.008077544426494346,0.010826771653543307,0.9680190552042363
0.009693053311793215,0.010826771653543307,0.9644726837763142
0.009693053311793215,0.014763779527559055,0.9622386487668604
0.011308562197092083,0.014763779527559055,0.9620468215446688
0.011308562197092083,0.02066929133858268,0.9557880918750942
0.012924071082390954,0.02066929133858268,0.9553291703253249
0.012924071082390954,0.028543307086614175,0.9487406869708834
0.014539579967689823,0.028543307086614175,0.9486929195364615
0.014539579967689823,0.03641732283464567,0.9429737244920475
0.01615508885298869,0.03641732283464567,0.9428984165656533
0.01615508885298869,0.038385826771653545,0.9428376836170357
0.017770597738287562,0.038385826771653545,0.9427919513615662
0.017770597738287562,0.04625984251968504,0.9376403453965149
0.01938610662358643,0.04625984251968504,0.937342701969229
0.01938610662358643,0.054133858267716536,0.9286728163840524
0.0210016155088853,0.054133858267716536,0.9282516810561486
0.0210016155088853,0.05708661417322835,0.9272641132290999
0.022617124394184167,0.05708661417322835,0.9262246805028086
0.022617124394184167,0.0688976377952756,0.9181983768078587
0.024232633279483037,0.0688976377952756,0.9180820853474536
0.024232633279483037,0.07874015748031496,0.9137314814457096
0.025848142164781908,0.07874015748031496,0.9129422495287147
0.025848142164781908,0.08169291338582677,0.9115576328056187
0.027463651050080775,0.08169291338582677,0.9113018445425817
0.027463651050080775,0.08267716535433071,0.9112485122226671
0.029079159935379646,0.08267716535433071,0.9094807432950207
0.029079159935379646,0.08858267716535433,0.90623794557966
0.030694668820678513,0.08858267716535433,0.9048511251268014
0.030694668820678513,0.09448818897637795,0.9038883920459424
0.03231017770597738,0.09448818897637795,0.9038641732702952
0.03231017770597738,0.09940944881889764,0.9028475739810853
0.033925686591276254,0.09940944881889764,0.9027112245347823
0.033925686591276254,0.10334645669291338,0.9016947961883753
0.035541195476575124,0.10334645669291338,0.9003708549025264
0.035541195476575124,0.10925196850393701,0.8968463250642229
0.03715670436187399,0.10925196850393701,0.8962054833676389
0.03715670436187399,0.1141732283464567,0.8947977210029873
0.04038772213247173,0.1141732283464567,0.8932020899625543
0.04038772213247173,0.1171259842519685,0.8920589123110939
0.0420032310177706,0.1171259842519685,0.8918633528117291
0.0420032310177706,0.12007874015748031,0.8879126395341481
0.04361873990306947,0.12007874015748031,0.8877303984858242
0.04361873990306947,0.12401574803149606,0.8851162659857922
0.045234248788368334,0.12401574803149606,0.8850190626932972
0.045234248788368334,0.1309055118110236,0.8826995958259587
0.046849757673667204,0.1309055118110236,0.8820652338596772
0.046849757673667204,0.13582677165354332,0.8781363486926502
0.048465266558966075,0.13582677165354332,0.8781270871728872
0.048465266558966075,0.1437007874015748,0.8745323443200363
0.050080775444264945,0.1437007874015748,0.8741009744533959
0.050080775444264945,0.14468503937007873,0.8736741142739497
0.05331179321486268,0.14468503937007873,0.8728029761743626
0.05331179321486268,0.14566929133858267,0.8709572761001052
0.05492730210016155,0.14566929133858267,0.8708835052451736
0.05492730210016155,0.1466535433070866,0.8706389663767107
0.05654281098546042,0.1466535433070866,0.8702703194895024
0.05654281098546042,0.1486220472440945,0.8688177575164903
0.05815831987075929,0.1486220472440945,0.8686316067166249
0.05815831987075929,0.14960629921259844,0.8680054879575613
0.05977382875605816,0.14960629921259844,0.867277478502048
0.05977382875605816,0.15649606299212598,0.8653448655671669
0.0630048465266559,0.15649606299212598,0.8645193202280522
0.0630048465266559,0.15748031496062992,0.8644442939305569
0.06462035541195477,0.15748031496062992,0.8642493077656626
0.06462035541195477,0.16141732283464566,0.860669193257
0.06623586429725363,0.16141732283464566,0.860105617242682
0.06623586429725363,0.1624015748031496,0.8597547783944206
0.06785137318255251,0.1624015748031496,0.859743951702163
0.06785137318255251,0.17618110236220472,0.8557443390355007
0.06946688206785137,0.17618110236220472,0.855714716554472
0.06946688206785137,0.18996062992125984,0.8486679172176536
0.07108239095315025,0.18996062992125984,0.8481606199829536
0.07108239095315025,0.19094488188976377,0.8481415480381947
0.07269789983844911,0.19094488188976377,0.8475040061946499
0.07269789983844911,0.19291338582677164,0.8466801444299519
0.07592891760904685,0.19291338582677164,0.8460556193394572
0.07592891760904685,0.19389763779527558,0.8457680796505317
0.07754442649434572,0.19389763779527558,0.8454676222281933
0.07754442649434572,0.19488188976377951,0.8451427824428058
0.08077544426494346,0.19488188976377951,0.8440665690332869
0.08077544426494346,0.19980314960629922,0.8403894314356449
0.08239095315024232,0.19980314960629922,0.8403714617028014
0.08239095315024232,0.20078740157480315,0.8400727881521518
0.0840064620355412,0.20078740157480315,0.8397498664418546
0.0840064620355412,0.20669291338582677,0.8384766598884853
0.08562197092084006,0.20669291338582677,0.8380111070649231
0.08562197092084006,0.21161417322834647,0.83655144185674
0.08723747980613894,0.21161417322834647,0.8365128355926849
0.08723747980613894,0.2204724409448819,0.8331547591866859
0.0888529886914378,0.2204724409448819,0.8330404518944267
0.0888529886914378,0.2263779527559055,0.831185643763083
0.09046849757673667,0.2263779527559055,0.8308784784918759
0.09046849757673667,0.23326771653543307,0.82887695231103
0.09208400646203554,0.23326771653543307,0.8287950535009466
0.09208400646203554,0.234251968503937,0.8256495127474777
0.09369951534733441,0.234251968503937,0.825576345971537
0.09369951534733441,0.2440944881889764,0.8211484027304398
0.09531502423263329,0.2440944881889764,0.8210099407537647
0.09531502423263329,0.24507874015748032,0.8210093645228222
0.09854604200323101,0.24507874015748032,0.8209448692090103
0.09854604200323101,0.25393700787401574,0.8160097346133346
0.1050080775444265,0.25393700787401574,0.8153177278390304
0.1050080775444265,0.2608267716535433,0.8111531042748404
0.10662358642972536,0.2608267716535433,0.810719334572409
0.10662358642972536,0.26279527559055116,0.809769039869862
0.10823909531502424,0.26279527559055116,0.8090498226156383
0.10823909531502424,0.265748031496063,0.8084151535645082
0.1098546042003231,0.265748031496063,0.8083984398125008
0.1098546042003231,0.26968503937007876,0.8059946091256961
0.11147011308562198,0.26968503937007876,0.8051939511173178
0.11147011308562198,0.2706692913385827,0.8038579433246982
0.1147011308562197,0.2706692913385827,0.8034080797894053
0.1147011308562197,0.27263779527559057,0.8033463566559854
0.11793214862681745,0.27263779527559057,0.8030340433907812
0.11793214862681745,0.2765748031496063,0.8003002241451103
0.11954765751211632,0.2765748031496063,0.8001933908999892
0.11954765751211632,0.28051181102362205,0.799123412864302
0.12277867528271405,0.28051181102362205,0.7981337074057006
0.12277867528271405,0.28346456692913385,0.7967544932748094
0.12439418416801293,0.28346456692913385,0.7964383620573241
0.12439418416801293,0.2844488188976378,0.7963368668645364
0.1260096930533118,0.2844488188976378,0.7961339001601246
0.1260096930533118,0.29133858267716534,0.7936430601941955
0.12924071082390953,0.29133858267716534,0.7931723606426289
0.12924071082390953,0.29232283464566927,0.7929401796759219
0.13247172859450726,0.29232283464566927,0.7927787087463423
0.13247172859450726,0.29429133858267714,0.7917887241071463
0.13408723747980614,0.29429133858267714,0.7913726867411397
0.13408723747980614,0.297244094488189,0.7899391902746633
0.13731825525040386,0.297244094488189,0.7894324235216318
0.13731825525040386,0.2992125984251969,0.7888040483215412
0.14054927302100162,0.2992125984251969,0.7883208251206946
0.14054927302100162,0.3051181102362205,0.7862841848881703
0.1421647819063005,0.3051181102362205,0.7860436533681311
0.1421647819063005,0.3080708661417323,0.7846937624186451
0.1470113085621971,0.3080708661417323,0.7831404948301075
0.1470113085621971,0.3110236220472441,0.782418038411977
0.14862681744749595,0.3110236220472441,0.7822984494277052
0.14862681744749595,0.32086614173228345,0.7781450897690922
0.15024232633279483,0.32086614173228345,0.7775053279138685
0.15024232633279483,0.3257874015748031,0.7751539229569131
0.1518578352180937,0.3257874015748031,0.7748757799596204
0.1518578352180937,0.33267716535433073,0.772280900926801
0.15347334410339256,0.33267716535433073,0.7711924964980543
0.15347334410339256,0.3375984251968504,0.7703490521241687
0.15508885298869143,0.3375984251968504,0.7700956711074268
0.15508885298869143,0.343503937007874,0.7682465750327456
0.1567043618739903,0.343503937007874,0.7676597859209604
0.1567043618739903,0.3464566929133858,0.7671009645774989
0.1583198707592892,0.3464566929133858,0.7662574061230554
0.1583198707592892,0.3494094488188976,0.7650350655718653
0.15993537964458804,0.3494094488188976,0.7647336502236144
0.15993537964458804,0.35236220472440943,0.7626954047040103
0.16478190630048464,0.35236220472440943,0.7624398463850743
0.16478190630048464,0.3543307086614173,0.7620159063445231
0.16639741518578352,0.3543307086614173,0.7616517849457645
0.16639741518578352,0.36023622047244097,0.7602045011577524
0.1680129240710824,0.36023622047244097,0.7592516091522995
0.1680129240710824,0.3612204724409449,0.7579395085774937
0.16962843295638125,0.3612204724409449,0.7571632482701267
0.16962843295638125,0.36220472440944884,0.756142238978312
0.17124394184168013,0.36220472440944884,0.7556155415854252
0.17124394184168013,0.3631889763779528,0.7555908816614325
0.17447495961227788,0.3631889763779528,0.7553411371709066
0.17447495961227788,0.36811023622047245,0.7527507065770777
0.17609046849757673,0.36811023622047245,0.7527443776992944
0.17609046849757673,0.37106299212598426,0.7505688483404291
0.1777059773828756,0.37106299212598426,0.7502089149779501
0.1777059773828756,0.37401574803149606,0.7489490187101899
0.17932148626817448,0.37401574803149606,0.7487937906031242
0.17932148626817448,0.3809055118110236,0.7475125955861255
0.18093699515347333,0.3809055118110236,0.7471891955796098
0.18093699515347333,0.38188976377952755,0.7469643986794524
0.1841680129240711,0.38188976377952755,0.7460673932383992
0.1841680129240711,0.3828740157480315,0.7459229753956063
0.1890145395799677,0.3828740157480315,0.7441772537313611
0.1890145395799677,0.38484251968503935,0.7437337195656347
0.19063004846526657,0.38484251968503935,0.7436883883430174
0.19063004846526657,0.3868110236220472,0.743126405865839
0.1938610662358643,0.3868110236220472,0.7425849067072977
0.1938610662358643,0.38976377952755903,0.741784954018105
0.19547657512116318,0.38976377952755903,0.7414802194541451
0.19547657512116318,0.390748031496063,0.7412786807502848
0.19709208400646203,0.390748031496063,0.7406831412383328
0.19709208400646203,0.39468503937007876,0.7394838584937183
0.20193861066235863,0.39468503937007876,0.7376029817134354
0.20193861066235863,0.3956692913385827,0.7374242785725423
0.20516962843295639,0.3956692913385827,0.7372841551914644
0.20516962843295639,0.39960629921259844,0.7352128589476201
0.20678513731825526,0.39960629921259844,0.7352123470808343
0.20678513731825526,0.4035433070866142,0.7342039467010937
0.2084006462035541,0.4035433070866142,0.7341785568154715
0.2084006462035541,0.4074803149606299,0.7318722005076305
0.210016155088853,0.4074803149606299,0.7317467703368199
0.210016155088853,0.4104330708661417,0.7312055450788203
0.21324717285945072,0.4104330708661417,0.7305977834685917
0.21324717285945072,0.41338582677165353,0.729005552395275
0.21647819063004847,0.41338582677165353,0.727682966500957
0.21647819063004847,0.4153543307086614,0.7273024496840983
0.2197092084006462,0.4153543307086614,0.7270285768177306
0.2197092084006462,0.41633858267716534,0.726993645491245
0.2245557350565428,0.41633858267716534,0.7258369710505901
0.2245557350565428,0.4183070866141732,0.7255377089064494
0.22617124394184168,0.4183070866141732,0.7240133279797534
0.22617124394184168,0.421259842519685,0.7231545223842948
0.22778675282714056,0.421259842519685,0.7228972093737498
0.22778675282714056,0.4271653543307087,0.7215421073398932
0.2294022617124394,0.4271653543307087,0.7212682064006622
0.2294022617124394,0.4311023622047244,0.7206261368045772
0.2310177705977383,0.4311023622047244,0.7205186320150678
0.2310177705977383,0.43503937007874016,0.7193522644565882
0.23263327948303716,0.43503937007874016,0.7193443793805379
0.23263327948303716,0.4360236220472441,0.7192954116865605
0.23424878836833601,0.4360236220472441,0.7180128329153718
0.23424878836833601,0.43799212598425197,0.717179113571569
0.23747980613893377,0.43799212598425197,0.7168932266570963
0.23747980613893377,0.4389763779527559,0.7165265607093669
0.2407108239095315,0.4389763779527559,0.7163130627397147
0.2407108239095315,0.43996062992125984,0.7163025105430425
0.24394184168012925,0.43996062992125984,0.7153487458286268
0.24394184168012925,0.4409448818897638,0.7151047138644866
0.2455573505654281,0.4409448818897638,0.7146091803922686
0.2455573505654281,0.4419291338582677,0.7144161830088835
0.24717285945072698,0.4419291338582677,0.7141760107844748
0.24717285945072698,0.4448818897637795,0.712836372724612
0.24878836833602586,0.4448818897637795,0.7125359050289413
0.24878836833602586,0.44586614173228345,0.7121858150843561
0.25040387722132473,0.44586614173228345,0.7117846015233488
0.25040387722132473,0.4498031496062992,0.7097946613005115
0.25363489499192243,0.4498031496062992,0.7093716667796541
0.25363489499192243,0.4507874015748031,0.709259418814145
0.2552504038772213,0.4507874015748031,0.7092358693192546
0.2552504038772213,0.452755905511811,0.7090330863331191
0.26009693053311794,0.452755905511811,0.7075587949552241
0.26009693053311794,0.45570866141732286,0.7066524667611211
0.2617124394184168,0.45570866141732286,0.7062819382255499
0.2617124394184168,0.45767716535433073,0.7059021458269511
0.2649434571890145,0.45767716535433073,0.7042870280876283
0.2649434571890145,0.4625984251968504,0.7031817998896822
0.2665589660743134,0.4625984251968504,0.7029825443070312
0.2665589660743134,0.468503937007874,0.699247213372245
0.2681744749596123,0.468503937007874,0.6988613046332582
0.2681744749596123,0.4714566929133858,0.6979713145149053
0.26978998384491115,0.4714566929133858,0.6979693677859374
0.26978998384491115,0.4744094488188976,0.6968335830730681
0.27140549273021003,0.4744094488188976,0.6960432220370075
0.27140549273021003,0.47736220472440943,0.6953926773981126
0.2730210016155089,0.47736220472440943,0.6949198500913046
0.2730210016155089,0.4822834645669291,0.6936474421069215
0.27463651050080773,0.4822834645669291,0.6936323782347423
0.27463651050080773,0.48326771653543305,0.6932378857696022
0.2762520193861066,0.48326771653543305,0.6928427684140428
0.2762520193861066,0.48523622047244097,0.6924425164656163
0.28109854604200324,0.48523622047244097,0.691765502534747
0.28109854604200324,0.4921259842519685,0.6878800629462188
0.284329563812601,0.4921259842519685,0.6859713744980113
0.284329563812601,0.49606299212598426,0.6856179229359193
0.2859450726978998,0.49606299212598426,0.6854637804303721
0.2859450726978998,0.5,0.6836097478743974
0.2875605815831987,0.5,0.682958987392198
0.2875605815831987,0.5039370078740157,0.6818549116652184
0.28917609046849757,0.5039370078740157,0.6809843739942706
0.28917609046849757,0.5059055118110236,0.6808832210238498
0.29079159935379645,0.5059055118110236,0.680860161790182
0.29079159935379645,0.5068897637795275,0.6803104974935749
0.2924071082390953,0.5068897637795275,0.6802498089989368
0.2924071082390953,0.5088582677165354,0.6791833574854174
0.2956381260096931,0.5088582677165354,0.6779274977796393
0.2956381260096931,0.5098425196850394,0.6774849152370223
0.2972536348949919,0.5098425196850394,0.6771618120412236
0.2972536348949919,0.5127952755905512,0.6762381876333405
0.2988691437802908,0.5127952755905512,0.6761299422084422
0.2988691437802908,0.514763779527559,0.6754800592093108
0.30210016155088854,0.514763779527559,0.6741380554580418
0.30210016155088854,0.515748031496063,0.6740494632328509
0.3037156704361874,0.515748031496063,0.6733220047263773
0.3037156704361874,0.5236220472440944,0.6708722643302905
0.3069466882067851,0.5236220472440944,0.6693905033072738
0.3069466882067851,0.5255905511811023,0.6691136259342819
0.308562197092084,0.5255905511811023,0.6691030294463615
0.308562197092084,0.5265748031496063,0.668868983780858
0.31179321486268174,0.5265748031496063,0.6684347200085777
0.31179321486268174,0.5275590551181102,0.6680565032033405
0.3166397415185784,0.5275590551181102,0.6659084213614284
0.3166397415185784,0.5295275590551181,0.6647130371325282
0.3182552504038772,0.5295275590551181,0.664545673752657
0.3182552504038772,0.530511811023622,0.664532541218929
0.3198707592891761,0.530511811023622,0.6638696230060598
0.3198707592891761,0.5334645669291339,0.663474582336265
0.32148626817447495,0.5334645669291339,0.6634358756350439
0.32148626817447495,0.5354330708661418,0.6629877015703489
0.3263327948303716,0.5354330708661418,0.6617577670944911
0.3263327948303716,0.5364173228346457,0.6613510678028524
0.3295638126009693,0.5364173228346457,0.6599990951909428
0.3295638126009693,0.5383858267716536,0.6597251633847598
0.33279483037156704,0.5383858267716536,0.6593240646972309
0.33279483037156704,0.5423228346456693,0.6581432275786429
0.3344103392568659,0.5423228346456693,0.6581284969756641
0.3344103392568659,0.5452755905511811,0.6570044321314136
0.3376413570274637,0.5452755905511811,0.6566651884762817
0.3376413570274637,0.547244094488189,0.6555485654043306
0.3392568659127625,0.547244094488189,0.6550877051094367
0.3392568659127625,0.5492125984251969,0.6531547954328532
0.34248788368336025,0.5492125984251969,0.6525609997077635
0.34248788368336025,0.5570866141732284,0.6498082613551928
0.3441033925686591,0.5570866141732284,0.6497549210709795
0.3441033925686591,0.562992125984252,0.6459922378815967
0.345718901453958,0.562992125984252,0.6455361195033542
0.345718901453958,0.5669291338582677,0.6439789638632715
0.3473344103392569,0.5669291338582677,0.6438901434343164
0.3473344103392569,0.5679133858267716,0.6434740292527829
0.35218093699515346,0.5679133858267716,0.6428395220447684
0.35218093699515346,0.5688976377952756,0.6427198977490958
0.35864297253634897,0.5688976377952756,0.6406483136963169
0.35864297253634897,0.5698818897637795,0.639621520997335
0.3602584814216478,0.5698818897637795,0.6393683409842872
0.3602584814216478,0.5708661417322834,0.6384366533518713
0.3651050080775444,0.5708661417322834,0.6372691055218548
0.3651050080775444,0.5718503937007874,0.6370499059557292
0.3667205169628433,0.5718503937007874,0.6364625144227352
0.3667205169628433,0.5757874015748031,0.6348473020574281
0.37318255250403876,0.5757874015748031,0.6335833417775908
0.37318255250403876,0.5816929133858267,0.6319714474365667
0.3764135702746365,0.5816929133858267,0.6314413391965887
0.3764135702746365,0.5826771653543307,0.6314182088036172
0.3780290791599354,0.5826771653543307,0.6311511993488316
0.3780290791599354,0.5856299212598425,0.6303559196451576
0.37964458804523427,0.5856299212598425,0.6299286038604448
0.37964458804523427,0.5875984251968503,0.6296691061077925
0.38126009693053314,0.5875984251968503,0.6295899371630701
0.38126009693053314,0.5895669291338582,0.6283050195215104
0.38287560581583197,0.5895669291338582,0.627867091797298
0.38287560581583197,0.5905511811023622,0.6271498551784035
0.38449111470113084,0.5905511811023622,0.6269259982705981
0.38449111470113084,0.594488188976378,0.6260068042946091
0.3861066235864297,0.594488188976378,0.625912934121216
0.3861066235864297,0.6013779527559056,0.6241750713887713
0.3877221324717286,0.6013779527559056,0.6231930495609455
0.3877221324717286,0.6023622047244095,0.6228108362915558
0.39418416801292405,0.6023622047244095,0.6219318087325447
0.39418416801292405,0.6053149606299213,0.6217576674261204
0.39579967689822293,0.6053149606299213,0.6216966928175169
0.39579967689822293,0.6062992125984252,0.6203121857256287
0.3974151857835218,0.6062992125984252,0.6197363996399075
0.3974151857835218,0.610236220472441,0.6185730765302409
0.3990306946688207,0.610236220472441,0.618505427616229
0.3990306946688207,0.6131889763779528,0.6177825959254729
0.40226171243941844,0.6131889763779528,0.6171144285225552
0.40226171243941844,0.6190944881889764,0.6141364815420665
0.40387722132471726,0.6190944881889764,0.6140140712312337
0.40387722132471726,0.6230314960629921,0.6121973916774526
0.40549273021001614,0.6230314960629921,0.6118481633517066
0.40549273021001614,0.6240157480314961,0.611626232609056
0.407108239095315,0.6240157480314961,0.61119946942251
0.407108239095315,0.625,0.6111310994535571
0.4087237479806139,0.625,0.6108721374500825
0.4087237479806139,0.6269685039370079,0.6106848197070434
0.41195476575121165,0.6269685039370079,0.6104096604462169
0.41195476575121165,0.6299212598425197,0.6087758501479008
0.4135702746365105,0.6299212598425197,0.6087626131207816
0.4135702746365105,0.6318897637795275,0.6075158296395113
0.41518578352180935,0.6318897637795275,0.6074848643063666
0.41518578352180935,0.6358267716535433,0.6063370389234866
0.4168012924071082,0.6358267716535433,0.6060631561608465
0.4168012924071082,0.6437007874015748,0.605295618174141
0.420032310177706,0.6437007874015748,0.6044773606019755
0.420032310177706,0.6446850393700787,0.6043856123053868
0.42326332794830374,0.6446850393700787,0.6042948539036692
0.42326332794830374,0.6505905511811023,0.6010414703791115
0.42487883683360256,0.6505905511811023,0.5998266427422071
0.42487883683360256,0.6545275590551181,0.5970585595465858
0.42649434571890144,0.6545275590551181,0.5970373298832754
0.42649434571890144,0.6614173228346457,0.5933376472977151
0.4281098546042003,0.6614173228346457,0.5924276809882592
0.4281098546042003,0.6624015748031497,0.5915219830015723
0.43618739903069464,0.6624015748031497,0.5906614806519241
0.43618739903069464,0.6663385826771654,0.5894710851505048
0.4394184168012924,0.6663385826771654,0.5888694535199661
0.4394184168012924,0.6683070866141733,0.5883889847200472
0.4410339256865913,0.6683070866141733,0.5882119727890444
0.4410339256865913,0.6702755905511811,0.5874786052067509
0.44264943457189015,0.6702755905511811,0.5869865196375832
0.44264943457189015,0.6771653543307087,0.5843804252364103
0.44426494345718903,0.6771653543307087,0.5839016028395178
0.44426494345718903,0.6811023622047244,0.5826093687125957
0.4458804523424879,0.6811023622047244,0.582371531877228
0.4458804523424879,0.6820866141732284,0.5822114199790329
0.44749596122778673,0.6820866141732284,0.5820296742063646
0.44749596122778673,0.6830708661417323,0.5818571973382847
0.4507269789983845,0.6830708661417323,0.5815576874771098
0.4507269789983845,0.6850393700787402,0.5811623455737438
0.45234248788368336,0.6850393700787402,0.5809007256183454
0.45234248788368336,0.6860236220472441,0.5808201597507632
0.45395799676898224,0.6860236220472441,0.5806581067046713
0.45395799676898224,0.687007874015748,0.5795124399768915
0.45718901453957994,0.687007874015748,0.5794718791314007
0.45718901453957994,0.6889763779527559,0.5781961062525458
0.4620355411954766,0.6889763779527559,0.5778452147911516
0.4620355411954766,0.6899606299212598,0.5775114732933367
0.46365105008077545,0.6899606299212598,0.5772323164306692
0.46365105008077545,0.6958661417322834,0.5760590695660356
0.46526655896607433,0.6958661417322834,0.5759881624033614
0.46526655896607433,0.6978346456692913,0.5752293416676145
0.46849757673667203,0.6978346456692913,0.5741911928552751
0.46849757673667203,0.6988188976377953,0.5741210465889196
0.4701130856219709,0.6988188976377953,0.5738651349170103
0.4701130856219709,0.6998031496062992,0.5714677199770192
0.47334410339256866,0.6998031496062992,0.5706227250828155
0.47334410339256866,0.7017716535433071,0.5701397885253019
0.47495961227786754,0.7017716535433071,0.5695815829722133
0.47495961227786754,0.702755905511811,0.5692012843289096
0.4765751211631664,0.702755905511811,0.5686675482289272
0.4765751211631664,0.7037401574803149,0.5674939554633223
0.4798061389337641,0.7037401574803149,0.5669382523764703
0.4798061389337641,0.7057086614173228,0.5664468346039638
0.481421647819063,0.7057086614173228,0.5660751854943546
0.481421647819063,0.7096456692913385,0.5648846262047884
0.48465266558966075,0.7096456692913385,0.5637210934169307
0.48465266558966075,0.7116141732283464,0.562755838863838
0.4894991922455573,0.7116141732283464,0.5622339884377142
0.4894991922455573,0.719488188976378,0.5602391791340968
0.4911147011308562,0.719488188976378,0.5595148564454129
0.4911147011308562,0.7234251968503937,0.5580950321382073
0.49434571890145396,0.7234251968503937,0.5566772911420126
0.49434571890145396,0.7263779527559056,0.5558291661284251
0.4991922455573506,0.7263779527559056,0.5544414754480501
0.4991922455573506,0.7303149606299213,0.5533494392251849
0.5024232633279483,0.7303149606299213,0.5527721426565798
0.5024232633279483,0.7322834645669292,0.5526020426200517
0.505654281098546,0.7322834645669292,0.5512992204779735
0.505654281098546,0.734251968503937,0.549959631919528
0.5088852988691438,0.734251968503937,0.548914169780209
0.5088852988691438,0.7362204724409449,0.54673499238201
0.5153473344103393,0.7362204724409449,0.5448746228864011
0.5153473344103393,0.7372047244094488,0.5447888963271721
0.5201938610662359,0.7372047244094488,0.5440891152744816
0.5201938610662359,0.7391732283464567,0.5419848486487614
0.5266558966074314,0.7391732283464567,0.5409362303091638
0.5266558966074314,0.7401574803149606,0.5400106020467885
0.5282714054927302,0.7401574803149606,0.5399923966401603
0.5282714054927302,0.7411417322834646,0.5392310904033709
0.529886914378029,0.7411417322834646,0.5384080547407364
0.529886914378029,0.7440944881889764,0.5356364770565111
0.5331179321486268,0.7440944881889764,0.5339854760085411
0.5331179321486268,0.7450787401574803,0.5337681450225155
0.5347334410339257,0.7450787401574803,0.5307814983068571
0.5347334410339257,0.7470472440944882,0.5291444761945445
0.5363489499192245,0.7470472440944882,0.5289652758688731
0.5363489499192245,0.7490157480314961,0.5283337422074631
0.5379644588045234,0.7490157480314961,0.5280244309319763
0.5379644588045234,0.7519685039370079,0.5276097409393281
0.5411954765751211,0.7519685039370079,0.5265429554476494
0.5411954765751211,0.7529527559055118,0.5258291978156037
0.5444264943457189,0.7529527559055118,0.5245015999079151
0.5444264943457189,0.7539370078740157,0.5243037856312455
0.5492730210016155,0.7539370078740157,0.5227952016395703
0.5492730210016155,0.7549212598425197,0.5225025866902302
0.5508885298869144,0.7549212598425197,0.5221708083056043
0.5508885298869144,0.7578740157480315,0.5212298586501797
0.555735056542811,0.7578740157480315,0.520640936250126
0.555735056542811,0.7637795275590551,0.5193864479265519
0.5573505654281099,0.7637795275590551,0.5188311620615306
0.5573505654281099,0.765748031496063,0.5185864694655562
0.5621970920840065,0.765748031496063,0.518331479049598
0.5621970920840065,0.7696850393700787,0.5128552120763235
0.5654281098546042,0.7696850393700787,0.5125247558252027
0.5654281098546042,0.7716535433070866,0.5107427185819284
0.568659127625202,0.7716535433070866,0.5103774499805818
0.568659127625202,0.7755905511811023,0.5083328130344668
0.5718901453957996,0.7755905511811023,0.5071532214247905
0.5718901453957996,0.7775590551181102,0.5064340302222549
0.5751211631663974,0.7775590551181102,0.5051637881040312
0.5751211631663974,0.7785433070866141,0.5049523022940112
0.5767366720516963,0.7785433070866141,0.5038078758256256
0.5767366720516963,0.780511811023622,0.5017559863337508
0.5799676898222941,0.780511811023622,0.5002579609321376
0.5799676898222941,0.781496062992126,0.49915491536982076
0.5848142164781907,0.781496062992126,0.4974407144269954
0.5848142164781907,0.7834645669291339,0.4969432563829731
0.592891760904685,0.7834645669291339,0.4944277528250001
0.592891760904685,0.7844488188976378,0.4930041790712602
0.5961227786752827,0.7844488188976378,0.4921665144602126
0.5961227786752827,0.7854330708661418,0.491198022190269
0.5977382875605816,0.7854330708661418,0.4908210581297631
0.5977382875605816,0.7874015748031497,0.490586109279966
0.5993537964458805,0.7874015748031497,0.49032527621082483
0.5993537964458805,0.7893700787401575,0.48857448761249683
0.6009693053311793,0.7893700787401575,0.488210475488497
0.6009693053311793,0.7923228346456693,0.4862875798283103
0.6025848142164781,0.7923228346456693,0.4861285826821793
0.6025848142164781,0.7933070866141733,0.48600596570332394
0.6042003231017771,0.7933070866141733,0.48571679654383954
0.6042003231017771,0.7952755905511811,0.4855740554530819
0.6090468497576736,0.7952755905511811,0.48499419428147805
0.6090468497576736,0.7962598425196851,0.4847961196371882
0.6187399030694669,0.7962598425196851,0.4841646093069742
0.6187399030694669,0.797244094488189,0.4841116180682619
0.6235864297253635,0.797244094488189,0.48336868703072705
0.6235864297253635,0.8011811023622047,0.4811411914491133
0.6284329563812601,0.8011811023622047,0.4791380800007853
0.6284329563812601,0.8021653543307087,0.47872955577702175
0.630048465266559,0.8021653543307087,0.47857516974431835
0.630048465266559,0.8041338582677166,0.47828227879226964
0.6348949919224556,0.8041338582677166,0.4770043923186393
0.6348949919224556,0.8080708661417323,0.47512796531735035
0.6365105008077544,0.8080708661417323,0.47493011267004814
0.6365105008077544,0.8090551181102362,0.4748753002357475
0.6381260096930533,0.8090551181102362,0.47367702629117076
0.6381260096930533,0.8100393700787402,0.472310730233269
0.6397415185783522,0.8100393700787402,0.4713909373429353
0.6397415185783522,0.812992125984252,0.46981988566868954
0.6413570274636511,0.812992125984252,0.46915967537743647
0.6413570274636511,0.8139763779527559,0.46902132480471503
0.6429725363489499,0.8139763779527559,0.4689608262936842
0.6429725363489499,0.8159448818897638,0.4675649813440373
0.6445880452342488,0.8159448818897638,0.46718541603217373
0.6445880452342488,0.8169291338582677,0.46665775104735974
0.6494345718901454,0.8169291338582677,0.46488144428127876
0.6494345718901454,0.8179133858267716,0.46386571909539803
0.6510500807754442,0.8179133858267716,0.4623913186578637
0.6510500807754442,0.8188976377952756,0.4620636495462174
0.654281098546042,0.8188976377952756,0.4613417257222369
0.654281098546042,0.8208661417322834,0.458996831874147
0.6575121163166397,0.8208661417322834,0.45850894741258813
0.6575121163166397,0.8218503937007874,0.45723687081088027
0.6591276252019386,0.8218503937007874,0.45722857554247426
0.6591276252019386,0.8238188976377953,0.45576397198063345
0.6623586429725363,0.8238188976377953,0.45495853376319234
0.6623586429725363,0.8248031496062992,0.45443658726639224
0.6639741518578353,0.8248031496062992,0.4533417173222386
0.6639741518578353,0.8257874015748031,0.45299803365444297
0.6672051696284329,0.8257874015748031,0.4499794625304696
0.6672051696284329,0.8267716535433071,0.4491406628394806
0.6704361873990307,0.8267716535433071,0.4468437788400927
0.6704361873990307,0.827755905511811,0.44676179836814034
0.6720516962843296,0.827755905511811,0.44640796635214314
0.6720516962843296,0.8287401574803149,0.44636225985081984
0.6736672051696284,0.8287401574803149,0.4453958027487782
0.6736672051696284,0.8326771653543307,0.444319777750512
0.6752827140549273,0.8326771653543307,0.44385440385083375
0.6752827140549273,0.8346456692913385,0.4434115296163363
0.6768982229402262,0.8346456692913385,0.44307932926965454
0.6768982229402262,0.8366141732283464,0.4420554270025021
0.6801292407108239,0.8366141732283464,0.4414063619161459
0.6801292407108239,0.8385826771653543,0.4388407544041765
0.6817447495961227,0.8385826771653543,0.43797827282119944
0.6817447495961227,0.8395669291338582,0.4379572973188818
0.6849757673667205,0.8395669291338582,0.43450357442703846
0.6849757673667205,0.8405511811023622,0.4344137561646946
0.6865912762520194,0.8405511811023622,0.43425932830337066
0.6865912762520194,0.84251968503937,0.4322208523173924
0.6882067851373183,0.84251968503937,0.43173154374839634
0.6882067851373183,0.8454724409448819,0.4306283793421431
0.6898222940226171,0.8454724409448819,0.43051485137126033
0.6898222940226171,0.8464566929133859,0.4300202684736418
0.6930533117932148,0.8464566929133859,0.42855383267590813
0.6930533117932148,0.8484251968503937,0.42606580071666683
0.6946688206785138,0.8484251968503937,0.42596219420617737
0.6946688206785138,0.8503937007874016,0.42491461020392146
0.6962843295638126,0.8503937007874016,0.42465923220821833
0.6962843295638126,0.8513779527559056,0.4238611090737285
0.6978998384491115,0.8513779527559056,0.4232321154257216
0.6978998384491115,0.8553149606299213,0.4206858574357241
0.7027463651050081,0.8553149606299213,0.41695422656795833
0.7027463651050081,0.8562992125984252,0.4167417796212655
0.7092084006462036,0.8562992125984252,0.4142466209494753
0.7092084006462036,0.860236220472441,0.4137000870285163
0.7124394184168013,0.860236220472441,0.4120815735478764
0.7124394184168013,0.8651574803149606,0.4089290318346238
0.7140549273021002,0.8651574803149606,0.4086060835534581
0.7140549273021002,0.8671259842519685,0.405973102426393
0.7172859450726979,0.8671259842519685,0.40580842457327526
0.7172859450726979,0.8681102362204725,0.40575994290260226
0.7221324717285945,0.8681102362204725,0.40100018570205753
0.7221324717285945,0.8700787401574803,0.39998616136345805
0.7253634894991923,0.8700787401574803,0.39984921565755804
0.7253634894991923,0.8710629921259843,0.39935983251855495
0.7318255250403877,0.8710629921259843,0.39812067882059926
0.7318255250403877,0.8740157480314961,0.3949842686540508
0.7334410339256866,0.8740157480314961,0.39486790895505036
0.7334410339256866,0.875,0.39438151557206935
0.7350565428109854,0.875,0.393564890415174
0.7350565428109854,0.8779527559055118,0.3927341090563043
0.7366720516962844,0.8779527559055118,0.3912399095113688
0.7366720516962844,0.8789370078740157,0.39072353520119263
0.7382875605815832,0.8789370078740157,0.3899397025703888
0.7382875605815832,0.8809055118110236,0.38876923070840136
0.7415185783521809,0.8809055118110236,0.3879781115577955
0.7415185783521809,0.8828740157480315,0.3874260997726065
0.7463651050080775,0.8828740157480315,0.3869605504920804
0.7463651050080775,0.8838582677165354,0.38658354573736603
0.7495961227786753,0.8838582677165354,0.38573577310828905
0.7495961227786753,0.8858267716535433,0.383792001170735
0.7576736672051696,0.8858267716535433,0.37982578260651906
0.7576736672051696,0.8937007874015748,0.3748315096954512
0.7592891760904685,0.8937007874015748,0.37442233420759874
0.7592891760904685,0.8946850393700787,0.37266217547834385
0.7625201938610663,0.8946850393700787,0.3720324410707404
0.7625201938610663,0.8956692913385826,0.37135586320758707
0.7641357027463651,0.8956692913385826,0.37119186945494625
0.7641357027463651,0.8976377952755905,0.37088310476687286
0.7657512116316639,0.8976377952755905,0.37021455484901333
0.7657512116316639,0.8986220472440944,0.3701326246835407
0.7673667205169629,0.8986220472440944,0.3700563599717471
0.7673667205169629,0.8996062992125984,0.3700517483886066
0.7705977382875606,0.8996062992125984,0.36870629243079694
0.7705977382875606,0.9035433070866141,0.36652712939889126
0.7722132471728594,0.9035433070866141,0.36617020288977065
0.7722132471728594,0.9045275590551181,0.3658351325094667
0.7738287560581584,0.9045275590551181,0.36559368323928215
0.7738287560581584,0.906496062992126,0.3651191918532878
0.7754442649434572,0.906496062992126,0.3650936855244298
0.7754442649434572,0.90748031496063,0.3643979862692882
0.7835218093699515,0.90748031496063,0.3604521867183926
0.7835218093699515,0.9084645669291339,0.3598046061758158
0.7932148626817448,0.9084645669291339,0.3530506999860348
0.7932148626817448,0.9104330708661418,0.35138880243963094
0.7964458804523424,0.9104330708661418,0.34981915690565774
0.7964458804523424,0.9124015748031497,0.3481544033299399
0.7996768982229402,0.9124015748031497,0.3473339858987556
0.7996768982229402,0.9153543307086615,0.34661480709401904
0.8012924071082391,0.9153543307086615,0.34634174021021785
0.8012924071082391,0.9173228346456693,0.3443308380908687
0.8109854604200323,0.9173228346456693,0.33932991394661594
0.8109854604200323,0.9192913385826772,0.33882052208322466
0.8126009693053312,0.9192913385826772,0.33874822290300993
0.8126009693053312,0.9202755905511811,0.33856050266605225
0.815831987075929,0.9202755905511811,0.3373384972210477
0.815831987075929,0.9212598425196851,0.3371758500097655
0.8239095315024233,0.9212598425196851,0.3335915719917479
0.8239095315024233,0.922244094488189,0.3332932437896451
0.8319870759289176,0.922244094488189,0.3317511774315674
0.8319870759289176,0.9232283464566929,0.3305337278274512
0.8336025848142165,0.9232283464566929,0.33009351338368415
0.8336025848142165,0.9242125984251969,0.3297367321247298
0.840064620355412,0.9242125984251969,0.32674017369952174
0.840064620355412,0.9251968503937008,0.32657053733184926
0.8416801292407108,0.9251968503937008,0.3250791902790475
0.8416801292407108,0.9271653543307087,0.3248086113388749
0.8449111470113085,0.9271653543307087,0.32366991504841913
0.8449111470113085,0.9291338582677166,0.32270255709794693
0.8465266558966075,0.9291338582677166,0.32224192553371606
0.8465266558966075,0.9311023622047244,0.32137199601577815
0.8497576736672051,0.9311023622047244,0.3193979633841827
0.8497576736672051,0.9340551181102362,0.3159641319400772
0.851373182552504,0.9340551181102362,0.31491761292394654
0.851373182552504,0.9360236220472441,0.312254021159842
0.8546042003231018,0.9360236220472441,0.30924993322946315
0.8546042003231018,0.937007874015748,0.3065834881239087
0.8578352180936996,0.937007874015748,0.3056622949154648
0.8578352180936996,0.9399606299212598,0.3030116069861827
0.8626817447495961,0.9399606299212598,0.3018963108043878
0.8626817447495961,0.9438976377952756,0.29770792171686034
0.864297253634895,0.9438976377952756,0.29675275042868077
0.864297253634895,0.9458661417322834,0.29550877325256975
0.8659127625201939,0.9458661417322834,0.29515600434870126
0.8659127625201939,0.9498031496062992,0.29095149375952095
0.8675282714054927,0.9498031496062992,0.2901754677069117
0.8675282714054927,0.952755905511811,0.2895917241711473
0.8707592891760905,0.952755905511811,0.2861050033742812
0.8707592891760905,0.9537401574803149,0.2855322542950069
0.877221324717286,0.9537401574803149,0.2838456989908643
0.877221324717286,0.9557086614173228,0.2780470626461627
0.8836833602584814,0.9557086614173228,0.2713806379404599
0.8836833602584814,0.9625984251968503,0.265157906552819
0.8885298869143781,0.9625984251968503,0.26462104268672026
0.8885298869143781,0.9635826771653543,0.2626496005881452
0.8917609046849758,0.9635826771653543,0.25950592185941807
0.8917609046849758,0.9645669291338582,0.2592534506811851
0.8949919224555735,0.9645669291338582,0.25876614110644297
0.8949919224555735,0.9655511811023622,0.2587050174940721
0.8966074313408724,0.9655511811023622,0.25831362922091733
0.8966074313408724,0.96751968503937,0.2564960163057474
0.8998384491114702,0.96751968503937,0.2549994851561088
0.8998384491114702,0.9704724409448819,0.25180907770108174
0.9030694668820679,0.9704724409448819,0.25154974850771833
0.9030694668820679,0.9714566929133859,0.2502752522633554
0.9079159935379645,0.9714566929133859,0.24848158487901625
0.9079159935379645,0.9724409448818898,0.247514554477454
0.9208400646203554,0.9724409448818898,0.235282090879123
0.9208400646203554,0.9734251968503937,0.23428341221494753
0.9224555735056543,0.9734251968503937,0.23368377487923572
0.9224555735056543,0.9744094488188977,0.23050065823708216
0.925686591276252,0.9744094488188977,0.22983494883309752
0.925686591276252,0.9773622047244095,0.2262598424885178
0.9273021001615509,0.9773622047244095,0.22220436579165365
0.9273021001615509,0.9783464566929134,0.2209262685740089
0.9337641357027464,0.9783464566929134,0.20926081549267744
0.9337641357027464,0.9803149606299213,0.20774295096040835
0.9418416801292407,0.9803149606299213,0.19583820762213397
0.9418416801292407,0.9832677165354331,0.1935953031823523
0.9450726978998385,0.9832677165354331,0.19184164021774636
0.9450726978998385,0.984251968503937,0.1898945582391977
0.9563812600969306,0.984251968503937,0.17435684356417216
0.9563812600969306,0.9901574803149606,0.16995038587752587
0.9579967689822294,0.9901574803149606,0.16864040670693028
0.9579967689822294,0.9911417322834646,0.16362488258836724
0.9644588045234249,0.9911417322834646,0.16162282782291687
0.9644588045234249,0.9921259842519685,0.16026382861949837
0.9660743134087237,0.9921259842519685,0.15821609008711304
0.9660743134087237,0.9931102362204725,0.14988978941239892
0.9709208400646203,0.9931102362204725,0.1449102142134885
0.9709208400646203,0.9950787401574803,0.1398146555056312
0.975767366720517,0.9950787401574803,0.1258764390464507
0.975767366720517,0.9970472440944882,0.12298565833075517
0.9838449111470113,0.9970472440944882,0.10604655000593155
0.9838449111470113,0.9980314960629921,0.09999762458625988
0.9903069466882067,0.9980314960629921,0.07302114676547011
0.9903069466882067,0.9990157480314961,0.07137327254238057
0.9967689822294022,0.9990157480314961,0.05790874986296386
0.9967689822294022,1.0,0.050817233556449244
1.0,1.0,0.029840775136421034
